NC_027961.1	1	15264	scf_41	25392	40656	-1	99.85
NC_071294.1	346	5741097	scf_16	6910965	12651725	-1	99.99
NC_071294.1	5741098	12620423	scf_16	31704	6911000	-1	99.99
NC_071294.1	12620125	12651313	scf_16	814	32037	-1	99.76
NC_071295.1	16	8219	scf_23	30100	21897	-1	100.00
NC_071295.1	13980	15219	scf_48	4078	2839	-1	100.00
NC_071295.1	40139	2580453	scf_3	2580192	39805	-1	99.97
NC_071295.1	2580555	2581948	scf_3	2581582	2580199	-1	98.35
NC_071295.1	2582173	2589618	scf_3	2588746	2581372	-1	96.78
NC_071295.1	2594947	2604254	scf_3	2597993	2588744	-1	96.10
NC_071295.1	2604438	2607039	scf_3	2600630	2597996	-1	98.03
NC_071295.1	2607055	2633745	scf_3	2627451	2600746	-1	98.04
NC_071295.1	2633747	2690208	scf_3	2684077	2627594	-1	98.22
NC_071295.1	2693282	2704101	scf_3	2694898	2684155	-1	96.64
NC_071295.1	2704366	2706766	scf_3	2697288	2694893	-1	98.71
NC_071295.1	2706780	2729193	scf_3	2720143	2697694	-1	98.96
NC_071295.1	2729996	2738861	scf_3	2729131	2720235	-1	96.97
NC_071295.1	2738906	2744761	scf_3	2735145	2729297	-1	98.13
NC_071295.1	2744991	2772435	scf_3	2762658	2735155	-1	98.36
NC_071295.1	2776235	2788726	scf_3	2775135	2762644	-1	99.66
NC_071295.1	2789600	2800499	scf_3	2786039	2775133	-1	98.63
NC_071295.1	2800681	2803601	scf_3	2788943	2786038	-1	97.82
NC_071295.1	2803864	2807748	scf_3	2792894	2788940	-1	97.09
NC_071295.1	2807899	2815398	scf_3	2800453	2792927	-1	95.77
NC_071295.1	2815406	2823321	scf_3	2808459	2800566	-1	97.59
NC_071295.1	2823322	2846919	scf_3	2832053	2808578	-1	95.98
NC_071295.1	2846966	2855718	scf_3	2840805	2832051	-1	95.01
NC_071295.1	2855956	2859834	scf_3	2844688	2840805	-1	96.33
NC_071295.1	2859831	2861337	scf_3	2849930	2848402	-1	94.57
NC_071295.1	2861571	2870293	scf_3	2858708	2850003	-1	95.30
NC_071295.1	2870266	2879609	scf_3	2868123	2858789	-1	98.39
NC_071295.1	2879606	2883743	scf_3	2872532	2868388	-1	97.43
NC_071295.1	2883828	2908472	scf_3	2897404	2872519	-1	97.67
NC_071295.1	2908473	2929473	scf_3	2918287	2897306	-1	98.37
NC_071295.1	2929328	2946367	scf_3	2935375	2918287	-1	97.19
NC_071295.1	2951571	2956753	scf_3	2940578	2935371	-1	97.67
NC_071295.1	2956748	2988116	scf_3	2972054	2940660	-1	98.46
NC_071295.1	2988326	3001595	scf_3	2985234	2972081	-1	96.97
NC_071295.1	3002066	3004153	scf_3	2987326	2985308	-1	94.26
NC_071295.1	3004244	3004715	scf_3	2987894	2987441	-1	93.92
NC_071295.1	3004715	3013025	scf_3	2996605	2988292	-1	98.37
NC_071295.1	3019659	3022725	scf_3	2999617	2996591	-1	96.73
NC_071295.1	3022766	3039507	scf_3	3016368	2999615	-1	97.19
NC_071295.1	3039540	3041538	scf_3	3018469	3016537	-1	94.17
NC_071295.1	3041646	3045154	scf_3	3021904	3018465	-1	95.92
NC_071295.1	3044488	3057083	scf_3	3035391	3022823	-1	97.17
NC_071295.1	3057065	3060758	scf_3	3040032	3036290	-1	96.15
NC_071295.1	3060988	3070056	scf_3	3049098	3040007	-1	95.94
NC_071295.1	3070063	3081412	scf_3	3060549	3049214	-1	97.92
NC_071295.1	3081406	3091354	scf_3	3070750	3060814	-1	96.41
NC_071295.1	3091357	3115843	scf_3	3095600	3070942	-1	96.57
NC_071295.1	3115842	3117539	scf_3	3097552	3095857	-1	98.06
NC_071295.1	3117719	3137100	scf_3	3116968	3097558	-1	97.33
NC_071295.1	3137101	3137421	scf_3	3117388	3117068	-1	99.69
NC_071295.1	3138575	3139718	scf_3	3118528	3117382	-1	97.14
NC_071295.1	3139713	3143910	scf_3	3123037	3118791	-1	97.11
NC_071295.1	3143907	3146937	scf_3	3126302	3123251	-1	98.53
NC_071295.1	3146930	3152897	scf_3	3136604	3130663	-1	97.45
NC_071295.1	3152890	3163971	scf_3	3148153	3137140	-1	97.21
NC_071295.1	3163972	3177033	scf_3	3163975	3150949	-1	95.59
NC_071295.1	3177039	3197828	scf_3	3184851	3164093	-1	99.19
NC_071295.1	3198141	3208855	scf_3	3195446	3184851	-1	97.92
NC_071295.1	3208854	3213113	scf_3	3199658	3195403	-1	98.66
NC_071295.1	3213117	3236478	scf_3	3220850	3197452	-1	97.10
NC_071295.1	3236479	3250027	scf_3	3235638	3222143	-1	97.69
NC_071295.1	3250020	3282656	scf_3	3266936	3234293	-1	97.49
NC_071295.1	3282913	3292205	scf_3	3276192	3266932	-1	98.07
NC_071295.1	3292337	3319609	scf_3	3303511	3276209	-1	98.08
NC_071295.1	3319612	3325818	scf_3	3309813	3303626	-1	97.79
NC_071295.1	3326011	3332954	scf_3	3316788	3309925	-1	96.06
NC_071295.1	3334240	3370361	scf_3	3352921	3316782	-1	98.57
NC_071295.1	3370412	3382034	scf_3	3364507	3352920	-1	97.42
NC_071295.1	3382034	3479492	scf_3	3462152	3364663	-1	99.83
NC_071295.1	3479491	3479712	scf_3	3462465	3462244	-1	99.10
NC_071295.1	3479852	3495163	scf_3	3477819	3462465	-1	99.28
NC_071295.1	3495288	3538580	scf_3	3520955	3477820	-1	98.11
NC_071295.1	3538590	3575919	scf_3	3558459	3521117	-1	98.20
NC_071295.1	3575993	3583013	scf_3	3565438	3558457	-1	96.89
NC_071295.1	3583017	3588756	scf_3	3571463	3565625	-1	97.18
NC_071295.1	3588605	3590140	scf_3	3572918	3571378	-1	98.05
NC_071295.1	3590228	3606528	scf_3	3590384	3574143	-1	98.67
NC_071295.1	3606677	3607279	scf_3	3590964	3590385	-1	94.21
NC_071295.1	3607365	3623761	scf_3	3607372	3590962	-1	98.15
NC_071295.1	3624051	3632575	scf_3	3615867	3607381	-1	98.47
NC_071295.1	3632640	3664088	scf_3	3647236	3615865	-1	98.53
NC_071295.1	3671546	3688048	scf_3	3665768	3649135	-1	97.07
NC_071295.1	3688048	3703438	scf_3	3681321	3665866	-1	97.99
NC_071295.1	3703600	3704763	scf_3	3682502	3681344	-1	96.75
NC_071295.1	3704764	3706376	scf_3	3684250	3682634	-1	99.01
NC_071295.1	3706389	3711266	scf_3	3689348	3684503	-1	97.83
NC_071295.1	3711477	3726183	scf_3	3704045	3689372	-1	97.76
NC_071295.1	3728682	3729407	scf_3	3704817	3704085	-1	91.89
NC_071295.1	3729388	9783996	scf_3	9759649	3704989	-1	99.99
NC_071295.1	9764014	12177723	scf_3	12153380	9739652	-1	99.99
NC_071295.1	12177655	12180091	scf_3	12155816	12153380	-1	100.00
NC_071295.1	12180159	12182589	scf_3	12158244	12155814	-1	100.00
NC_071295.1	12182520	12182734	scf_3	12158459	12158245	-1	99.53
NC_071295.1	12182748	12505625	scf_3	12481282	12158405	-1	100.00
NC_071295.1	12514145	12514254	scf_10	2	112	-1	97.30
NC_071296.1	6354	538106	scf_10	11500711	12032464	-1	99.99
NC_071296.1	517793	5703998	scf_10	6334822	11521032	-1	99.99
NC_071296.1	5703074	11928204	scf_10	110611	6335794	-1	99.99
NC_071296.1	11906669	12037696	scf_10	1113	132156	-1	99.99
NC_071296.1	12043733	12044302	scf_33	84470	83901	-1	100.00
NC_071297.1	2891	111560	scf_8	10195939	10304582	-1	99.97
NC_071297.1	128510	2202139	scf_4	2135449	61845	-1	99.99
NC_071297.1	2202135	2204145	scf_4	2142231	2140259	-1	97.17
NC_071297.1	2204141	2212045	scf_4	2156247	2148366	-1	98.85
NC_071297.1	2212041	2221715	scf_4	2166173	2156507	-1	99.27
NC_071297.1	2222045	2225910	scf_4	2170054	2166160	-1	96.91
NC_071297.1	2225915	2233494	scf_4	2177822	2170252	-1	96.51
NC_071297.1	2234074	2245486	scf_4	2189563	2178162	-1	98.56
NC_071297.1	2245462	2245749	scf_4	2189953	2189666	-1	98.61
NC_071297.1	2245866	2257957	scf_4	2201898	2189960	-1	97.69
NC_071297.1	2258059	2271818	scf_4	2215716	2201898	-1	96.09
NC_071297.1	2276370	2276768	scf_4	2216166	2215774	-1	95.75
NC_071297.1	2276765	2296675	scf_4	2239355	2219470	-1	97.98
NC_071297.1	2296675	2303282	scf_4	2246035	2239457	-1	97.53
NC_071297.1	2303293	2308876	scf_22	258552	252970	-1	99.75
NC_071297.1	2308885	2320072	scf_4	2257228	2246024	-1	97.89
NC_071297.1	2320342	2365305	scf_4	2302184	2257225	-1	97.56
NC_071297.1	2365302	2375308	scf_4	2312199	2302277	-1	96.62
NC_071297.1	2375306	2395489	scf_4	2332855	2312570	-1	97.16
NC_071297.1	2395497	2399116	scf_4	2336601	2332966	-1	96.05
NC_071297.1	2399094	2408272	scf_4	2345922	2336745	-1	97.37
NC_071297.1	2408277	2411793	scf_4	2349565	2346057	-1	97.87
NC_071297.1	2412076	2413217	scf_4	2350716	2349566	-1	98.26
NC_071297.1	2413549	2426413	scf_4	2363565	2350716	-1	97.78
NC_071297.1	2426557	2427707	scf_4	2364721	2363571	-1	97.75
NC_071297.1	2429647	2433150	scf_4	2368252	2364721	-1	97.63
NC_071297.1	2433103	2433583	scf_4	2368767	2368287	-1	98.75
NC_071297.1	2439912	2453524	scf_4	2382286	2368757	-1	96.28
NC_071297.1	2453611	2455053	scf_4	2383769	2382281	-1	95.84
NC_071297.1	2455092	2459046	scf_4	2388050	2384114	-1	97.31
NC_071297.1	2459069	2470917	scf_4	2400755	2388949	-1	99.26
NC_071297.1	2468195	2499668	scf_4	2432191	2400755	-1	98.25
NC_071297.1	2500008	2543837	scf_4	2475994	2432356	-1	97.09
NC_071297.1	2543838	2552074	scf_4	2484629	2476195	-1	95.42
NC_071297.1	2552268	2576312	scf_4	2508667	2484637	-1	97.97
NC_071297.1	2576554	2599694	scf_4	2531795	2508664	-1	99.23
NC_071297.1	2599689	2604975	scf_4	2537497	2532185	-1	97.08
NC_071297.1	2605167	3552923	scf_4	3485259	2537496	-1	99.99
NC_071297.1	3553135	7206700	scf_4	7138995	3485471	-1	99.99
NC_071297.1	7206796	7207339	scf_4	7139535	7138995	-1	99.45
NC_071297.1	7207339	10367323	scf_4	10299662	7139654	-1	99.99
NC_071297.1	10367324	10392322	scf_72	24999	1	-1	100.00
NC_071297.1	10392323	10542321	scf_4	10449761	10299763	-1	100.00
NC_071297.1	10542322	10567320	scf_70	24999	1	-1	100.00
NC_071297.1	10567321	11317317	scf_4	11199860	10449862	-1	99.99
NC_071297.1	11317318	11342316	scf_71	24999	1	-1	100.00
NC_071297.1	11342317	11813538	scf_4	11671106	11199961	-1	99.98
NC_071297.1	11812744	11856275	scf_4	11713919	11670388	-1	99.72
NC_071298.1	1	1251664	scf_6	10564729	11816396	-1	99.99
NC_071298.1	1231670	1682223	scf_6	10134163	10584727	-1	99.99
NC_071298.1	1662230	1917178	scf_6	9899206	10154160	-1	99.98
NC_071298.1	1897184	2695595	scf_6	9120784	9919204	-1	99.99
NC_071298.1	2695825	2857111	scf_6	8959272	9120558	-1	100.00
NC_071298.1	2857212	7511702	scf_6	4304680	8959169	-1	99.99
NC_071298.1	7511630	11813212	scf_6	3196	4304704	-1	99.99
NC_071298.1	11799301	11816407	scf_6	1	17107	-1	100.00
NC_071299.1	12108	2765123	scf_14	8969123	11722146	-1	99.99
NC_071299.1	2745160	5315120	scf_14	6419148	8989120	-1	99.99
NC_071299.1	5295124	11017181	scf_14	717042	6439128	-1	99.99
NC_071299.1	10997207	11734224	scf_14	1	737040	-1	99.99
NC_071300.1	14636	9127938	scf_24	9113235	1	-1	99.99
NC_071300.1	9127878	9259854	scf_24	9245208	9113235	-1	99.97
NC_071300.1	9239466	11228630	scf_24	11213985	9224828	-1	99.99
NC_071300.1	11227126	11250008	scf_24	11235445	11212521	-1	99.60
NC_071301.1	57500	2354212	scf_1	8794792	11091506	-1	99.99
NC_071301.1	2354653	7777779	scf_1	3371276	8794351	-1	99.99
NC_071301.1	7770294	7778858	scf_1	3370557	3379121	-1	99.99
NC_071301.1	7778693	7779894	scf_1	3369357	3370558	-1	100.00
NC_071301.1	7779698	9943232	scf_1	1205832	3369357	-1	99.99
NC_071301.1	9922608	10372581	scf_1	776483	1226446	-1	99.99
NC_071301.1	10371547	10376946	scf_1	772158	777561	-1	99.91
NC_071301.1	10376907	11141412	scf_1	7653	772157	-1	99.99
NC_071302.1	20713	47491	scf_23	26770	1	-1	99.88
NC_071302.1	71831	128787	scf_21	10551708	10608729	-1	99.62
NC_071302.1	122586	5090678	scf_7	4985867	17830	-1	99.99
NC_071302.1	5090779	8763318	scf_7	8658487	4985970	-1	99.99
NC_071302.1	8763349	8788011	scf_7	8683401	8658632	-1	98.87
NC_071302.1	8788009	8794969	scf_7	8690454	8683438	-1	97.02
NC_071302.1	8795349	8802346	scf_7	8697393	8690456	-1	97.79
NC_071302.1	8802342	8822915	scf_7	8718242	8697614	-1	97.75
NC_071302.1	8822914	8829104	scf_7	8724964	8718748	-1	95.48
NC_071302.1	8829112	8838705	scf_7	8735031	8725447	-1	97.02
NC_071302.1	8838873	8856593	scf_7	8752692	8735030	-1	97.71
NC_071302.1	8856585	9303537	scf_7	9200241	8753218	-1	99.87
NC_071302.1	9304014	9304630	scf_7	9200878	9200240	-1	95.93
NC_071302.1	9304678	9309724	scf_7	9208999	9203977	-1	96.90
NC_071302.1	9309725	9314008	scf_7	9213157	9208873	-1	99.63
NC_071302.1	9314174	9333634	scf_7	9232650	9213157	-1	97.45
NC_071302.1	9333633	9339465	scf_7	9239796	9233935	-1	94.97
NC_071302.1	9339481	9343503	scf_7	9243803	9239769	-1	98.71
NC_071302.1	9343491	9363290	scf_7	9263907	9244077	-1	98.34
NC_071302.1	9363577	9372367	scf_7	9272713	9263892	-1	97.44
NC_071302.1	9372409	9373922	scf_7	9274468	9272958	-1	97.89
NC_071302.1	9374025	9388540	scf_7	9288993	9274468	-1	98.72
NC_071302.1	9388540	9394678	scf_7	9295252	9289121	-1	98.64
NC_071302.1	9394712	9427344	scf_7	9327768	9295228	-1	97.06
NC_071302.1	9427350	9431632	scf_7	9332028	9327863	-1	96.13
NC_071302.1	9431841	9435142	scf_7	9335298	9332024	-1	95.91
NC_071302.1	9435196	9443765	scf_7	9344052	9335448	-1	97.52
NC_071302.1	9444155	9444683	scf_7	9344581	9344051	-1	98.31
NC_071302.1	9445126	9461887	scf_7	9361470	9344696	-1	98.92
NC_071302.1	9461929	9524323	scf_7	9424125	9361634	-1	98.55
NC_071302.1	9524327	9533762	scf_7	9433679	9424249	-1	98.01
NC_071302.1	9533799	9539863	scf_7	9439904	9433678	-1	94.80
NC_071302.1	9539852	9543230	scf_7	9444395	9441025	-1	97.58
NC_071302.1	9543220	9543479	scf_7	9444894	9444635	-1	99.23
NC_071302.1	9543479	9543771	scf_7	9444890	9445180	-1	93.58
NC_071302.1	9543690	9550952	scf_7	9452799	9445450	-1	97.86
NC_071302.1	9556302	9557947	scf_7	9454471	9452829	-1	98.36
NC_071302.1	9558254	9591170	scf_7	9487636	9454454	-1	97.62
NC_071302.1	9591164	9619396	scf_7	9520730	9492528	-1	98.45
NC_071302.1	9619855	9634243	scf_7	9535200	9520779	-1	98.36
NC_071302.1	9634558	9650481	scf_7	9551239	9535197	-1	97.62
NC_071302.1	9650706	9666830	scf_7	9567375	9551251	-1	97.47
NC_071302.1	9666857	9670405	scf_7	9571140	9567624	-1	96.89
NC_071302.1	9670876	9708545	scf_7	9608663	9571191	-1	98.15
NC_071302.1	9708547	9709696	scf_7	9611773	9610629	-1	97.92
NC_071302.1	9714022	9716498	scf_7	9614241	9611770	-1	98.47
NC_071302.1	9716507	10950406	scf_7	10848870	9614844	-1	99.98
NC_071303.1	2	1879057	scf_26	8940149	10819203	-1	99.99
NC_071303.1	1879260	5715191	scf_26	5104005	8939947	-1	99.99
NC_071303.1	5715191	5738099	scf_26	5080958	5103866	-1	99.97
NC_071303.1	5738200	9236815	scf_26	1582251	5080855	-1	99.99
NC_071303.1	9237190	9942070	scf_26	876994	1581876	-1	99.99
NC_071303.1	9942007	10819065	scf_26	1	876994	-1	99.99
NC_071304.1	1	738256	scf_21	738253	1	-1	99.98
NC_071304.1	738701	1001530	scf_21	1001496	738698	-1	99.99
NC_071304.1	981545	10552145	scf_21	10552094	981523	-1	99.99
NC_071305.1	2486	10225	scf_27	8436585	8444324	-1	100.00
NC_071305.1	16010	16743	scf_12	5562	4829	-1	100.00
NC_071305.1	45217	854480	scf_2	9451078	10260341	-1	99.99
NC_071305.1	852182	2324439	scf_2	7981097	9453328	-1	99.98
NC_071305.1	2324441	2333992	scf_2	7968965	7978428	-1	97.76
NC_071305.1	2334169	2340461	scf_2	7962684	7968967	-1	94.83
NC_071305.1	2340689	2348235	scf_2	7955108	7962679	-1	98.47
NC_071305.1	2355303	2382279	scf_2	7928141	7955111	-1	98.11
NC_071305.1	2383462	2386294	scf_2	7924972	7927830	-1	97.87
NC_071305.1	2386226	2388548	scf_2	7922822	7925133	-1	97.64
NC_071305.1	2388546	2396313	scf_2	7914857	7922584	-1	97.19
NC_071305.1	2396526	2403519	scf_2	7907639	7914613	-1	97.61
NC_071305.1	2404142	2410558	scf_2	7901251	7907641	-1	96.12
NC_071305.1	2410559	8928899	scf_2	1382746	7901091	-1	99.99
NC_071305.1	8928961	8931279	scf_2	1380434	1382752	-1	100.00
NC_071305.1	8931278	10296563	scf_2	15092	1380367	-1	99.99
NC_071305.1	10297642	10311656	scf_2	2	14001	-1	99.86
NC_071306.1	1	2678588	scf_5	7596879	10275434	-1	99.99
NC_071306.1	2679753	2693904	scf_5	7582866	7596883	-1	96.46
NC_071306.1	2693898	2697370	scf_5	7573883	7577339	-1	97.53
NC_071306.1	2697384	2697800	scf_5	7573347	7573772	-1	96.49
NC_071306.1	2700310	2733684	scf_5	7539890	7573352	-1	97.83
NC_071306.1	2733768	2751637	scf_5	7521725	7539634	-1	99.37
NC_071306.1	2752167	2854010	scf_5	7419871	7521724	-1	99.59
NC_071306.1	2854130	7945044	scf_5	2328826	7419751	-1	99.99
NC_071306.1	7924217	9939424	scf_5	334484	2349665	-1	99.99
NC_071306.1	9939618	9944020	scf_5	330132	334474	-1	96.46
NC_071306.1	9944222	9946875	scf_5	327498	330132	-1	96.09
NC_071306.1	9946864	9947793	scf_5	326489	327468	-1	88.94
NC_071306.1	9948204	9951220	scf_5	323492	326490	-1	97.72
NC_071306.1	9951220	9964915	scf_5	309630	323346	-1	97.22
NC_071306.1	9965178	9965657	scf_5	309161	309640	-1	99.17
NC_071306.1	9965655	9969534	scf_5	303985	307867	-1	98.10
NC_071306.1	9969880	9976013	scf_5	297843	304008	-1	97.58
NC_071306.1	9976169	9977255	scf_5	296732	297843	-1	95.41
NC_071306.1	9977607	9979313	scf_5	295027	296735	-1	96.70
NC_071306.1	9979313	9982294	scf_5	291919	294856	-1	94.00
NC_071306.1	9982293	9985077	scf_5	288793	291594	-1	98.07
NC_071306.1	9985073	9988149	scf_5	282495	285652	-1	95.12
NC_071306.1	9988824	10000310	scf_5	270628	282156	-1	97.66
NC_071306.1	10000311	10270740	scf_5	2	270449	-1	99.97
NC_071307.1	49824	4722419	scf_8	4690287	17680	-1	99.99
NC_071307.1	4722673	6288043	scf_8	6255639	4690272	-1	99.99
NC_071307.1	6288516	6296835	scf_8	6263983	6255638	-1	97.95
NC_071307.1	6296847	6303863	scf_8	6271098	6264090	-1	98.99
NC_071307.1	6303859	6305750	scf_8	6278295	6276424	-1	98.15
NC_071307.1	6305952	6315343	scf_8	6287720	6278300	-1	97.84
NC_071307.1	6315252	6320113	scf_8	6292155	6287233	-1	97.63
NC_071307.1	6320106	6321496	scf_8	6293683	6292287	-1	99.00
NC_071307.1	6321969	6347030	scf_8	6318736	6293681	-1	97.95
NC_071307.1	6347051	6358661	scf_8	6330544	6318892	-1	98.18
NC_071307.1	6358768	6396804	scf_8	6368866	6330544	-1	97.39
NC_071307.1	6396900	6400399	scf_8	6372362	6368866	-1	97.64
NC_071307.1	6400398	6400979	scf_8	6373127	6372483	-1	87.13
NC_071307.1	6401107	6406145	scf_8	6378201	6373144	-1	98.19
NC_071307.1	6406239	6428507	scf_8	6400459	6378201	-1	99.52
NC_071307.1	6429347	6449245	scf_8	6420373	6400454	-1	99.62
NC_071307.1	6449245	6451490	scf_8	6422774	6420538	-1	98.31
NC_071307.1	6451475	6456736	scf_8	6428189	6423010	-1	94.85
NC_071307.1	6457661	6467990	scf_8	6438842	6428500	-1	97.91
NC_071307.1	6467990	6470481	scf_8	6441486	6438990	-1	99.08
NC_071307.1	6470579	6481585	scf_8	6452521	6441492	-1	99.25
NC_071307.1	6485827	6487439	scf_8	6454126	6452515	-1	99.94
NC_071307.1	6487696	6498509	scf_8	6464969	6454123	-1	98.68
NC_071307.1	6498198	6510664	scf_8	6477310	6464915	-1	97.71
NC_071307.1	6510878	6518251	scf_8	6484850	6477444	-1	97.21
NC_071307.1	6522570	6538851	scf_8	6501061	6484846	-1	97.98
NC_071307.1	6539120	6563657	scf_8	6525538	6501059	-1	98.72
NC_071307.1	6563660	9065544	scf_8	9027798	6525946	-1	99.98
NC_071307.1	9065645	9488539	scf_8	9450827	9027901	-1	99.99
NC_071307.1	9487250	10242959	scf_8	10205190	9449483	-1	99.99
NC_071308.1	11845	10157692	scf_11	10151829	5982	-1	99.99
NC_071308.1	10157734	10187793	scf_11	10182897	10152839	-1	99.92
NC_071309.1	7187	907972	scf_29	900789	1	-1	99.99
NC_071309.1	893783	1163637	scf_29	1156456	886578	-1	99.98
NC_071309.1	1143025	3893891	scf_29	3886708	1135836	-1	99.99
NC_071309.1	3894151	3922784	scf_29	3915312	3886717	-1	98.55
NC_071309.1	3923054	3949484	scf_29	3941782	3915304	-1	97.20
NC_071309.1	3949518	3955115	scf_29	3947379	3941776	-1	98.17
NC_071309.1	3955111	3969535	scf_29	3967862	3953479	-1	98.60
NC_071309.1	3969535	4019962	scf_29	4018204	3967952	-1	97.84
NC_071309.1	4019997	4027358	scf_29	4025747	4018372	-1	95.23
NC_071309.1	4027364	4051470	scf_29	4050009	4025903	-1	98.27
NC_071309.1	4051465	4075374	scf_29	4074020	4050265	-1	97.81
NC_071309.1	4075625	4081600	scf_29	4080001	4074014	-1	99.27
NC_071309.1	4081678	4084258	scf_29	4082552	4079999	-1	96.87
NC_071309.1	4084235	4084878	scf_29	4083188	4082612	-1	87.91
NC_071309.1	4084874	4087569	scf_29	4086128	4083441	-1	98.41
NC_071309.1	4087565	4090746	scf_29	4089577	4086373	-1	98.91
NC_071309.1	4090746	4101394	scf_29	4100372	4089664	-1	98.37
NC_071309.1	4106741	4107950	scf_29	4101560	4100368	-1	97.93
NC_071309.1	4108166	4119655	scf_29	4113019	4101563	-1	97.61
NC_071309.1	4119769	4125605	scf_29	4118927	4113019	-1	94.70
NC_071309.1	4130960	4141380	scf_29	4129383	4118987	-1	98.56
NC_071309.1	4145080	4145445	scf_29	4129747	4129377	-1	95.72
NC_071309.1	4151622	4154453	scf_29	4132597	4129769	-1	97.89
NC_071309.1	4154476	4198506	scf_29	4177523	4133501	-1	97.47
NC_071309.1	4198564	4202768	scf_29	4181711	4177511	-1	98.06
NC_071309.1	4202914	4217778	scf_29	4196705	4181713	-1	96.87
NC_071309.1	4220431	4220810	scf_29	4197080	4196701	-1	99.47
NC_071309.1	4220835	4221298	scf_29	4198032	4197618	-1	86.42
NC_071309.1	4221544	4221720	scf_29	4198210	4198031	-1	96.13
NC_071309.1	4221909	4222521	scf_29	4198904	4198292	-1	98.04
NC_071309.1	4223025	4258653	scf_29	4234638	4198940	-1	97.22
NC_071309.1	4258654	4279662	scf_29	4255716	4234747	-1	97.66
NC_071309.1	4279662	5576100	scf_29	5552356	4255830	-1	99.95
NC_071309.1	5576201	10014154	scf_29	9990463	5552459	-1	99.99
NC_071309.1	10021636	10023502	scf_34	5674	7541	-1	99.95
NC_071310.1	1	7194750	scf_9	7194801	2	-1	99.99
NC_071310.1	7194851	8889285	scf_9	8878052	7183613	-1	99.99
NC_071310.1	8889244	8893651	scf_9	8882460	8878053	-1	100.00
NC_071310.1	8893530	9622388	scf_9	9611208	8882297	-1	99.97
NC_071311.1	1	228064	scf_19	228064	1	-1	99.97
NC_071311.1	208066	549979	scf_19	549979	208066	-1	99.98
NC_071311.1	550288	554949	scf_19	554949	550288	-1	100.00
NC_071311.1	555073	558680	scf_19	558555	554948	-1	100.00
NC_071311.1	558556	9505799	scf_19	9505973	558556	-1	99.99
NC_071311.1	9505799	9518403	scf_19	9518714	9506129	-1	99.75
NC_071312.1	1	1492457	scf_30	7641473	9133929	-1	99.99
NC_071312.1	1489805	1492895	scf_30	7640980	7644070	-1	99.90
NC_071312.1	1493011	1495194	scf_30	7638796	7640979	-1	100.00
NC_071312.1	1495134	9130741	scf_30	3215	7638796	-1	99.99
NC_071313.1	1	16099	scf_27	8428257	8444323	-1	99.79
NC_071313.1	16031	16821	scf_27	8427467	8428257	-1	100.00
NC_071313.1	16905	1034689	scf_27	7409650	8427471	-1	99.99
NC_071313.1	1014680	1134993	scf_27	7309337	7429652	-1	99.99
NC_071313.1	1115005	7618274	scf_27	826099	7329335	-1	99.99
NC_071313.1	7598119	8410021	scf_27	34354	846246	-1	99.99
NC_071313.1	8404343	8415979	scf_38	14598	2962	-1	99.99
NC_071313.1	8418548	8420006	scf_33	19879	18421	-1	99.45
NC_071313.1	8420970	8426532	scf_31	1	5563	-1	100.00
NC_071313.1	8427966	8430378	scf_23	30811	33227	-1	99.79
NC_071313.1	8439628	8440033	scf_48	2437	2842	-1	100.00
NC_071314.1	13771	658414	scf_23	677871	33218	-1	99.99
NC_071314.1	656206	7460072	scf_23	7479200	675421	-1	99.99
NC_071314.1	7440082	7837045	scf_23	7856176	7459220	-1	99.99
NC_071314.1	7837146	8240467	scf_23	8259608	7856279	-1	99.99
NC_071314.1	8241391	8305671	scf_29	10066953	10002656	-1	99.94
NC_071314.1	8332968	8333061	scf_3	31310	31403	-1	100.00
NC_071315.1	1	1063998	scf_17	1063987	1	-1	99.99
NC_071315.1	1044001	1410418	scf_17	1410407	1043996	-1	99.99
NC_071315.1	1410519	1468407	scf_17	1468398	1410510	-1	99.99
NC_071315.1	1467637	7166152	scf_17	7166138	1467572	-1	99.99
NC_071316.1	1	55893	scf_20	55893	1	-1	100.00
NC_071316.1	53749	56855	scf_20	56795	53678	-1	99.65
NC_071316.1	56856	4947188	scf_20	4947086	56740	-1	99.99
NC_071316.1	4927199	7089549	scf_20	7089472	4927089	-1	99.99
NC_071316.1	7090461	7102032	scf_20	7100969	7089398	-1	100.00
NC_071317.1	14	1043198	scf_18	6086509	7129711	-1	99.99
NC_071317.1	1032808	6434020	scf_18	695708	6096899	-1	99.99
NC_071317.1	6434121	7080097	scf_18	49674	695605	-1	99.99
NC_071317.1	7080083	7096637	scf_18	33088	49641	-1	99.99
NC_071318.1	10743	37704	scf_23	8262859	8289814	-1	99.94
NC_071318.1	38611	1798369	scf_12	1765336	5562	-1	99.99
NC_071318.1	1778386	5535333	scf_12	5502249	1745339	-1	99.99
NC_071318.1	5514339	6760436	scf_12	6727372	5481267	-1	99.99
NC_071318.1	6740077	6937656	scf_12	6904579	6706993	-1	99.97
NC_071318.1	6930816	6960484	scf_47	1	29673	-1	99.99
NC_071318.1	6951916	6961723	scf_12	6917387	6907560	-1	99.72
NC_071318.1	6961989	6975917	scf_12	6931581	6917663	-1	99.93
NC_071318.1	6973392	7036173	scf_33	84453	21726	-1	99.87
NC_071319.1	1	77183	scf_22	6174353	6251542	-1	99.97
NC_071319.1	57195	1491618	scf_22	4759921	6194350	-1	99.99
NC_071319.1	1491719	5352626	scf_22	898998	4759818	-1	99.99
NC_071319.1	5352727	5727433	scf_22	524180	898895	-1	99.99
NC_071319.1	5707445	5759733	scf_22	491915	544177	-1	99.92
NC_071319.1	5759699	5806996	scf_22	444624	491914	-1	98.56
NC_071319.1	5806989	5808048	scf_22	438213	439273	-1	99.15
NC_071319.1	5808023	5817307	scf_22	428683	437945	-1	97.41
NC_071319.1	5818599	5827200	scf_22	420060	428684	-1	98.69
NC_071319.1	5832161	5857338	scf_22	394924	420065	-1	98.21
NC_071319.1	5857645	5879230	scf_22	373213	394819	-1	98.34
NC_071319.1	5879656	5888792	scf_22	364241	373375	-1	97.13
NC_071319.1	5888787	5892283	scf_22	360369	363837	-1	97.74
NC_071319.1	5892406	5901871	scf_22	350726	360282	-1	95.65
NC_071319.1	5902260	5946788	scf_22	306309	350727	-1	96.66
NC_071319.1	5947017	5950987	scf_22	302265	306280	-1	94.73
NC_071319.1	5950994	5967328	scf_22	285668	302030	-1	97.80
NC_071319.1	5967649	5967856	scf_22	285438	285644	-1	97.61
NC_071319.1	5967684	5976861	scf_22	276135	285372	-1	98.38
NC_071319.1	5976864	5989882	scf_22	262810	275864	-1	97.63
NC_071319.1	5990025	5994092	scf_22	258624	262777	-1	95.71
NC_071319.1	5994125	6004860	scf_22	242176	252963	-1	97.76
NC_071319.1	6006149	6043043	scf_22	205402	242178	-1	97.50
NC_071319.1	6043274	6064277	scf_22	184454	205401	-1	97.31
NC_071319.1	6064287	6074543	scf_22	167567	177808	-1	97.34
NC_071319.1	6074541	6075281	scf_22	166965	167716	-1	97.61
NC_071319.1	6075257	6078545	scf_22	163112	166396	-1	98.91
NC_071319.1	6075283	6083446	scf_22	158194	166370	-1	98.36
NC_071319.1	6083451	6100621	scf_22	140399	157597	-1	99.00
NC_071319.1	6101112	6106134	scf_22	135490	140517	-1	98.71
NC_071319.1	6106391	6111697	scf_22	130043	135402	-1	95.86
NC_071319.1	6111653	6124261	scf_22	117486	130049	-1	99.57
NC_071319.1	6124304	6163086	scf_22	77681	116728	-1	97.82
NC_071319.1	6163082	6163686	scf_22	75632	76241	-1	98.85
NC_071319.1	6163686	6183703	scf_22	54960	74957	-1	96.95
NC_071319.1	6182680	6196252	scf_22	42522	55999	-1	98.65
NC_071319.1	6196152	6214023	scf_22	24744	42562	-1	99.33
NC_071319.1	6242491	6267972	scf_59	25495	17	-1	99.59
NC_071319.1	6258539	6276810	scf_42	12450	30724	-1	99.26
NC_071319.1	6284137	6295841	scf_50	11679	1	-1	99.77
NC_071319.1	6297275	6309970	scf_52	26995	14308	-1	99.47
NC_071319.1	6307617	6316678	scf_66	3495	12555	-1	99.86
NC_071319.1	6310917	6335607	scf_52	24727	18	-1	99.87
NC_071319.1	6316868	6337544	scf_50	34675	14021	-1	99.53
NC_071320.1	41240	52086	scf_13	29378	18577	-1	99.30
NC_071320.1	51552	54900	scf_13	32227	28879	-1	100.00
NC_071320.1	54825	56326	scf_13	33728	32227	-1	100.00
NC_071320.1	55503	1203485	scf_13	1180801	32820	-1	99.99
NC_071320.1	1203486	4148292	scf_13	4125612	1180735	-1	99.99
NC_071320.1	4128300	5272335	scf_13	5249657	4105614	-1	99.99
NC_071321.1	1	4749588	scf_31	15232	4764808	-1	99.99
NC_071321.1	4729207	4762607	scf_31	2212	35605	-1	99.84
NC_071322.1	20613	1067599	scf_15	3640110	4687075	-1	99.99
NC_071322.1	1047610	2394155	scf_15	2313558	3660107	-1	99.99
NC_071322.1	2394082	2830311	scf_15	1877409	2313565	-1	99.98
NC_071322.1	2809702	4686454	scf_15	21295	1898011	-1	99.99
NC_071323.1	23245	2052469	scf_28	2029227	1	-1	99.99
NC_071323.1	2052600	2351164	scf_28	2327793	2029227	-1	99.99
NC_071323.1	2368702	2384216	scf_35	11211	26714	-1	99.92
NC_071323.1	2392360	2418068	scf_28	3822066	3847767	-1	99.90
NC_071323.1	2430511	2463738	scf_28	3788843	3822066	-1	99.97
NC_071323.1	2461229	2484842	scf_54	8409	32021	-1	99.99
NC_071323.1	2474971	2501134	scf_46	1	26150	-1	99.91
NC_071323.1	2502095	2511633	scf_28	3858690	3868229	-1	99.97
NC_071323.1	2518580	3976440	scf_28	2335345	3793138	-1	99.99
NC_071324.1	1	11975	scf_34	106150	118120	-1	99.95
NC_071324.1	3593	15605	scf_15	1	12001	-1	99.87
NC_071324.1	66887	128170	scf_34	35746	97022	-1	99.82
NC_071324.1	116491	180911	scf_4	3200	67640	-1	99.96
NW_026525651.1	47040	137633	scf_37	2	90595	-1	100.00
NW_026525652.1	14246	35694	scf_61	21413	18	-1	99.72
NW_026525652.1	31220	69133	scf_44	1	37921	-1	99.97
NW_026525652.1	73682	78897	scf_23	8295833	8290610	-1	99.77
NW_026525652.1	82384	86959	scf_23	8299952	8295376	-1	99.93
NW_026525653.1	4	26390	scf_45	26387	1	-1	100.00
NW_026525653.1	46455	48530	scf_7	14684	16759	-1	99.61
NW_026525653.1	58002	64095	scf_4	11714034	11707941	-1	99.36
NW_026525654.1	7425	43625	scf_57	6422	42557	-1	99.69
NW_026525654.1	23338	50045	scf_57	2	26694	-1	99.94
NW_026525655.1	1	42198	scf_18	2	42201	-1	99.99
NW_026525656.1	1	29365	scf_63	2	29366	-1	100.00
NW_026525657.1	1	29086	scf_32	2	29087	-1	100.00
NW_026525658.1	1	12935	scf_36	1	12928	-1	99.91
NW_026525658.1	10247	27042	scf_36	21783	38587	-1	99.93
NW_026525659.1	1	11645	scf_27	11653	23297	-1	99.66
NW_026525659.1	12556	22577	scf_27	1656	11667	-1	99.90
NW_026525661.1	1	11797	scf_68	3419	15203	-1	99.90
NW_026525664.1	1	16300	scf_39	34921	51217	-1	99.88
NW_026525664.1	16431	51333	scf_39	18	34921	-1	99.99
NW_026525664.1	43430	318745	scf_25	13249161	13524468	-1	99.99
NW_026525664.1	298753	4350790	scf_25	9217113	13269145	-1	99.99
NW_026525664.1	4350307	4363743	scf_25	9177795	9191207	-1	99.58
NW_026525664.1	4353101	5177010	scf_25	8364536	9188453	-1	99.99
NW_026525664.1	5157024	7919247	scf_25	5622299	8384534	-1	99.99
NW_026525664.1	7899250	13469186	scf_25	72332	5642295	-1	99.99
NW_026525664.1	13466413	13531594	scf_25	9968	75209	-1	99.91
